name: clumpak
channels:
  - conda-forge
  - bioconda
  - defaults
dependencies:
  - _libgcc_mutex=0.1=conda_forge
  - _openmp_mutex=4.5=2_gnu
  - expat=2.2.10=h9c3ff4c_0
  - fontconfig=2.13.1=hba837de_1005
  - freetype=2.12.1=hca18f0e_1
  - giflib=5.2.1=h36c2ea0_2
  - icu=67.1=he1b5a44_0
  - jpeg=9e=h0b41bf4_3
  - lerc=4.0.0=h27087fc_0
  - libdeflate=1.14=h166bdaf_0
  - libgcc-ng=12.2.0=h65d4601_19
  - libgd=2.2.5=h6e6070c_1008
  - libgomp=12.2.0=h65d4601_19
  - libiconv=1.17=h166bdaf_0
  - libnsl=2.0.0=h7f98852_0
  - libpng=1.6.39=h753d276_0
  - libstdcxx-ng=12.2.0=h46fd767_19
  - libtiff=4.4.0=h82bc61c_5
  - libuuid=2.32.1=h7f98852_1000
  - libwebp=1.2.4=h522a892_0
  - libwebp-base=1.2.4=h166bdaf_0
  - libxml2=2.9.10=h68273f3_2
  - libzlib=1.2.13=h166bdaf_4
  - perl=5.26.2=h36c2ea0_1008
  - perl-app-cpanminus=1.7044=pl526_1
  - perl-archive-extract=0.80=pl526_0
  - perl-archive-zip=1.64=pl526_0
  - perl-carp=1.38=pl526_3
  - perl-compress-raw-zlib=2.087=pl526hc9558a2_0
  - perl-constant=1.33=pl526_1
  - perl-encode=2.88=pl526_1
  - perl-exporter=5.72=pl526_1
  - perl-exporter-tiny=1.002001=pl526_0
  - perl-extutils-makemaker=7.36=pl526_1
  - perl-file-path=2.16=pl526_0
  - perl-file-slurp=9999.27=pl526_0
  - perl-file-temp=0.2304=pl526_2
  - perl-font-ttf=1.06=pl526_0
  - perl-gd=2.71=pl526he860b03_0
  - perl-gdgraph=1.54=pl526_0
  - perl-gdtextutil=0.86=pl526h14c3975_5
  - perl-getopt-long=2.50=pl526_1
  - perl-io-string=1.08=pl526_3
  - perl-ipc-cmd=1.02=pl526_0
  - perl-list-moreutils=0.428=pl526_1
  - perl-list-moreutils-xs=0.428=pl526_0
  - perl-list-someutils=0.56=pl526h6bb024c_1
  - perl-list-util=1.38=pl526_1
  - perl-locale-maketext-simple=0.21=pl526_2
  - perl-module-corelist=5.20190524=pl526_0
  - perl-module-implementation=0.09=pl526_2
  - perl-module-list=0.004=pl526_0
  - perl-module-load=0.32=pl526_1
  - perl-module-load-conditional=0.68=pl526_2
  - perl-module-metadata=1.000036=pl526_0
  - perl-module-runtime=0.016=pl526_1
  - perl-params-check=0.38=pl526_1
  - perl-parent=0.236=pl526_1
  - perl-pdf-api2=2.035=pl526_0
  - perl-pdf-table=0.11.0=pl526_0
  - perl-slurp=0.4=pl526_0
  - perl-time-local=1.28=pl526_1
  - perl-try-tiny=0.30=pl526_1
  - perl-version=0.9924=pl526_0
  - perl-xml-parser=2.44=pl526h4e0c4b3_7
  - perl-xsloader=0.24=pl526_0
  - xz=5.2.6=h166bdaf_0
  - zlib=1.2.13=h166bdaf_4
  - zstd=1.5.2=h3eb15da_6
prefix: /home/admin-aaron/anaconda3/envs/clumpak
